12 28 40 44 48 01
02 04 17 27 69 10
03 06 20 41 48 08
10 17 19 46 67 11
09 16 22 51 62 04
02 17 37 42 68 24
28 37 49 63 65 04
02 19 26 30 44 13
12 39 40 53 62 11
01 06 27 40 65 12
 
01 02 42 47 61 24
09 30 39 48 54 19
03 06 43 48 64 19
33 49 51 61 69 08
34 39 41 52 62 25
26 35 39 53 58 03
10 33 36 44 49 11
42 49 51 54 67 15
06 07 34 44 50 14
01 05 21 47 50 23
 
03 19 25 26 47 22
10 14 18 19 28 02
09 21 24 41 48 17
13 23 38 40 42 13
37 39 50 56 69 16
05 35 46 53 65 07
08 23 57 59 69 14
07 13 31 33 48 11
02 21 48 52 60 19
07 13 31 33 48 10

12 20 27 32 46 09
14 19 23 33 50 12
01 06 33 36 42 05
01 07 11 26 54 25
06 09 21 39 69 07
11 12 17 50 60 22
02 23 37 55 65 02
06 10 36 45 49 22
02 17 18 25 49 17
11 25 29 48 69 12
 
05 20 24 61 67 19
05 14 18 39 40 24
05 14 16 43 66 05
19 24 27 46 59 19
12 34 42 50 65 25
13 23 49 50 63 16
08 09 20 40 61 13
12 16 21 55 68 19
03 29 33 42 62 17
25 46 51 53 58 13
 
05 15 37 43 57 12
21 43 44 53 66 24
19 21 38 41 58 07
28 44 47 56 58 23
06 09 47 57 63 17
20 29 39 58 67 02
25 28 34 38 65 23
18 22 28 57 61 22
14 22 28 29 41 11
26 29 46 59 60 05
 
01 05 50 52 60 09
08 32 36 38 45 06
25 27 54 66 69 26
22 39 41 51 68 10
12 27 29 46 63 02
10 18 25 36 51 03
09 50 56 60 64 20
22 35 46 48 52 13
13 30 51 62 65 13
05 09 37 40 61 22
 
12 19 26 62 64 04
02 42 44 49 56 15
26 32 45 49 57 14
22 24 30 48 52 14
04 33 40 66 68 06
04 34 36 55 64 23
17 29 33 52 62 12
04 10 30 59 64 13
06 18 50 52 69 14
20 24 54 58 63 24