12 28 40 44 48 01
02 04 17 27 69 10
03 06 20 41 48 08
10 17 19 46 67 11
09 16 22 51 62 04
02 17 37 42 68 24
28 37 49 63 65 04
02 19 26 30 44 13
12 39 40 53 62 11
01 06 27 40 65 12
 
01 02 42 47 61 24
09 30 39 48 54 19
03 06 43 48 64 19
33 49 51 61 69 08
34 39 41 52 62 25
26 35 39 53 58 03
10 33 36 44 49 11
42 49 51 54 67 15
06 07 34 44 50 14
01 05 21 47 50 23
 
03 19 25 26 47 22
10 14 18 19 28 02
09 21 24 41 48 17
13 23 38 40 42 13
37 39 50 56 69 16
05 35 46 53 65 07
08 23 57 59 69 14
07 13 31 33 48 11
02 21 48 52 60 19
07 13 31 33 48 10

12 20 27 32 46 09
14 19 23 33 50 12
01 06 33 36 42 05
01 07 11 26 54 25
06 09 21 39 69 07
11 12 17 50 60 22
02 23 37 55 65 02
06 10 36 45 49 22
02 17 18 25 49 17
11 25 29 48 69 12
 
05 20 24 61 67 19
05 14 18 39 40 24
05 14 16 43 66 05
19 24 27 46 59 19
12 34 42 50 65 25
13 23 49 50 63 16
08 09 20 40 61 13
12 16 21 55 68 19
03 29 33 42 62 17
25 46 51 53 58 13
 
05 15 37 43 57 12
21 43 44 53 66 24
19 21 38 41 58 07
28 44 47 56 58 23
06 09 47 57 63 17
20 29 39 58 67 02
25 28 34 38 65 23
18 22 28 57 61 22
14 22 28 29 41 11
26 29 46 59 60 05
 
01 05 50 52 60 09
08 32 36 38 45 06
25 27 54 66 69 26
22 39 41 51 68 10
12 27 29 46 63 02
10 18 25 36 51 03
09 50 56 60 64 20
22 35 46 48 52 13
13 30 51 62 65 13
05 09 37 40 61 22
 
12 19 26 62 64 04
02 42 44 49 56 15
26 32 45 49 57 14
22 24 30 48 52 14
04 33 40 66 68 06
04 34 36 55 64 23
17 29 33 52 62 12
04 10 30 59 64 13
06 18 50 52 69 14
20 24 54 58 63 24

31 36 45 50 55 10
01 14 16 31 54 02
03 28 29 50 65 16
06 14 31 32 62 12
13 24 33 34 57 16
04 07 25 56 59 25
03 23 25 31 35 20
03 12 34 46 69 18
02 11 32 48 59 25
03 31 45 46 67 05

24 44 50 62 67 06
12 15 26 28 42 04
10 21 31 37 66 18
05 39 42 51 68 22
14 17 32 42 54 22
36 39 62 65 67 20
27 36 38 42 47 05
18 25 38 44 54 08
03 10 35 39 54 09
06 07 13 23 47 23 

17 22 23 24 28 26
17 23 43 53 64 22
30 48 56 59 61 22
13 16 29 51 55 21
06 35 57 63 67 21
32 45 54 55 69 19
11 59 60 62 67 24
18 22 42 45 54 11
09 30 35 56 66 01
16 18 42 46 54 05
 
37 39 41 43 59 18
10 18 20 31 41 17
12 36 47 65 68 17
01 19 29 36 65 20
05 20 29 42 65 17
12 17 24 46 66 22
06 33 36 39 45 13
20 34 35 43 59 10
01 03 45 51 53 07
25 26 34 51 63 13
 
01 09 36 55 68 11
01 05 20 58 68 23
09 22 27 50 61 16
05 15 29 39 44 12
04 05 16 46 59 09
17 25 26 40 51 21
03 13 16 19 24 19
11 27 35 65 67 11
29 35 51 61 69 06
01 05 16 18 59 20
 
06 14 20 50 58 19
10 18 20 27 59 15
19 33 34 37 68 09
14 19 35 63 65 24
12 18 56 59 61 02
29 57 60 62 69 25
06 16 35 52 67 09
20 28 53 56 61 06
02 09 24 38 56 08
08 28 32 37 61 06
 
19 34 39 46 55 14
01 20 46 47 56 07
15 17 34 66 69 21
04 11 35 46 56 09
16 20 22 26 51 21
12 42 56 60 62 05
02 21 32 37 54 12
19 31 45 48 62 22
30 41 52 56 67 26
22 26 44 48 69 18
 
07 28 36 58 69 21
02 22 31 40 67 22
13 19 27 29 64 10
01 19 30 61 65 20
