31 36 45 50 55 10
01 14 16 31 54 02
03 28 29 50 65 16
06 14 31 32 62 12
13 24 33 34 57 16
04 07 25 56 59 25
03 23 25 31 35 20
03 12 34 46 69 18
02 11 32 48 59 25
03 31 45 46 67 05

24 44 50 62 67 06
12 15 26 28 42 04
10 21 31 37 66 18
05 39 42 51 68 22
14 17 32 42 54 22
36 39 62 65 67 20
27 36 38 42 47 05
18 25 38 44 54 08
03 10 35 39 54 09
06 07 13 23 47 23 

17 22 23 24 28 26
17 23 43 53 64 22
30 48 56 59 61 22
13 16 29 51 55 21
06 35 57 63 67 21
32 45 54 55 69 19
11 59 60 62 67 24
18 22 42 45 54 11
09 30 35 56 66 01
16 18 42 46 54 05
 
37 39 41 43 59 18
10 18 20 31 41 17
12 36 47 65 68 17
01 19 29 36 65 20
05 20 29 42 65 17
12 17 24 46 66 22
06 33 36 39 45 13
20 34 35 43 59 10
01 03 45 51 53 07
25 26 34 51 63 13
 
01 09 36 55 68 11
01 05 20 58 68 23
09 22 27 50 61 16
05 15 29 39 44 12
04 05 16 46 59 09
17 25 26 40 51 21
03 13 16 19 24 19
11 27 35 65 67 11
29 35 51 61 69 06
01 05 16 18 59 20
 
06 14 20 50 58 19
10 18 20 27 59 15
19 33 34 37 68 09
14 19 35 63 65 24
12 18 56 59 61 02
29 57 60 62 69 25
06 16 35 52 67 09
20 28 53 56 61 06
02 09 24 38 56 08
08 28 32 37 61 06
 
19 34 39 46 55 14
01 20 46 47 56 07
15 17 34 66 69 21
04 11 35 46 56 09
16 20 22 26 51 21
12 42 56 60 62 05
02 21 32 37 54 12
19 31 45 48 62 22
30 41 52 56 67 26
22 26 44 48 69 18
 
07 28 36 58 69 21
02 22 31 40 67 22
13 19 27 29 64 10
01 19 30 61 65 20
